39 (57.4794)
48 39 (33.0551)
48 (47.7927)
38 39 (11.7341)
38 48 39 (6.92135)
38 48 (9.01068)
38 (17.6902)
32 39 (9.5903)
32 48 39 (6.12736)
32 48 (9.11277)
32 38 39 (2.08707)
32 38 48 39 (1.40196)
32 38 48 (1.86702)
32 38 (3.2134)
32 (17.2036)
41 39 (12.9466)
41 48 39 (8.35507)
41 48 (10.2289)
41 38 39 (3.46067)
41 38 48 39 (2.25834)
41 38 48 (2.69277)
41 38 (4.42027)
41 32 39 (2.67576)
41 32 48 39 (1.86702)
41 32 48 (2.34001)
41 32 (3.62514)
41 (16.9517)
65 39 (3.16123)
65 48 39 (2.03829)
65 48 (2.86858)
65 41 (1.1286)
65 (5.07248)
89 48 (3.1737)
89 39 48 (2.41034)
89 39 (3.11812)
89 (4.35222)
225 39 (2.66668)
225 48 39 (1.58799)
225 48 (1.9691)
225 (3.69434)
170 38 (3.43799)
170 39 38 (2.2901)
170 39 (2.33547)
170 48 38 (1.74452)
170 48 39 38 (1.35319)
170 48 39 (1.36794)
170 48 (1.76607)
170 (3.51512)
237 39 (2.18802)
237 48 39 (1.41104)
237 48 (1.90785)
237 (3.43912)
36 38 (3.16463)
36 39 38 (2.20617)
36 39 (2.31052)
36 48 38 (1.54261)
36 48 39 38 (1.22502)
36 48 39 (1.26585)
36 48 (1.60613)
36 (3.33023)
110 38 (3.0909)
110 39 38 (1.97364)
110 39 (1.99519)
110 48 38 (1.54375)
110 48 39 38 (1.16944)
110 48 39 (1.17624)
110 48 (1.5653)
110 (3.16917)
310 39 (2.10068)
310 48 39 (1.52787)
310 48 (1.91919)
310 (2.94231)
101 39 (1.58799)
101 48 39 (1.07302)
101 48 (1.48704)
101 (2.53737)
475 39 (1.70141)
475 48 39 (1.23863)
475 48 (1.61975)
475 (2.45798)
271 39 (1.62655)
271 48 (1.23636)
271 (2.37517)
413 48 (1.2874)
413 39 (1.28173)
413 (2.13244)
438 39 (1.42919)
438 48 (1.16263)
438 (2.11316)
1327 39 (1.31122)
1327 48 (1.09798)
1327 (2.02582)
147 39 (1.28967)
147 48 (1.17511)
147 (2.01788)
270 39 (1.35432)
270 48 (1.0855)
270 (1.96683)
2238 39 (1.45981)
2238 48 (1.08323)
2238 (1.94528)
79 39 (1.26018)
79 48 (1.01291)
79 (1.81484)
60 39 (1.11499)
60 (1.68894)
533 39 (1.0458)
533 (1.68667)
255 48 (1.19893)
255 39 (1.19893)
255 (1.67192)
12925 39 (1.06395)
12925 (1.66398)
1146 39 (1.11499)
1146 (1.61748)
185 (1.56076)
9 (1.55623)
16010 (1.49271)
123 (1.47683)
14098 (1.46435)
338 (1.44507)
592 (1.39176)
824 (1.37247)
604 (1.37134)
301 (1.36567)
286 38 (1.26585)
286 (1.34185)
740 (1.33958)
16217 (1.32257)
1393 (1.31689)
249 (1.31576)
15832 (1.29648)
548 (1.28967)
201 (1.28513)
49 (1.27039)
589 (1.26925)
677 (1.25905)
1004 (1.24997)
37 38 (1.18645)
37 (1.21821)
78 (1.20233)
13041 (1.19212)
117 (1.16377)
161 (1.14562)
19 (1.13995)
179 (1.13201)
258 (1.11953)
522 (1.10478)
175 (1.10025)
783 (1.09458)
3270 (1.07756)
479 (1.05034)
31 (1.04353)
242 (1.03333)
956 (1.03333)
45 (1.03333)
2958 (1.02539)
264 (1.01518)
10515 (1.00043)
